2.549012553174953323e-17 1.025657367898464703e-16 3.924843294792494765e-16 1.428341407314853159e-15 4.943464490199570022e-15 1.627123429932585362e-14 5.093300104661524213e-14 1.516239202229780504e-13 4.292653792041528379e-13 1.155776056970222175e-12 2.959451388997651565e-12 7.206732723880405676e-12 1.668996047038970237e-11 3.675884762389138458e-11 7.699422561712753095e-11 1.533713040579488738e-10 2.905492459134595228e-10 5.234619064027439226e-10 8.968918959550861608e-10 1.461452837303579583e-09 2.264744413956663961e-09 3.337669091855100169e-09 4.677965821200079546e-09 6.235345163314986615e-09 7.904122121277365112e-09 9.528761819784011898e-09 1.092468664482003661e-08 1.191162996867069534e-08 1.235159622480916722e-08 1.218048737433483592e-08 1.142341444198090554e-08 1.018865573663928418e-08 8.642264033927291273e-09 6.971526144144699287e-09 5.348326079914693885e-09 3.902092700715878237e-09 2.707490708621547539e-09 1.786594755373944694e-09 1.121178657686154842e-09 6.691342760447351751e-10 3.797881581894276408e-10 2.050025433486454523e-10 1.052365898420269845e-10 5.137643570153901021e-11 2.385343145372541680e-11 1.053240240248709179e-11 4.422763438804027207e-12 1.766239795139632770e-12 6.708034815082620234e-13 2.422872930291384741e-13 8.322535476479733382e-14 2.718756796170460664e-14 8.446460438218049508e-15 2.495564689612546442e-15 7.012172631443951146e-16 1.873812165322134385e-16 4.761997866551428669e-17 1.150911756309448167e-17 2.645358545695227498e-18 5.782514739127410145e-19 1.202094584750569957e-19 2.376567865322820078e-20 4.468394286501263012e-21 7.989920215593442869e-22 1.358698465539916937e-22 2.197320536532363247e-23 3.379507635595296116e-24 4.943142572922822275e-25 6.876105462928297403e-26 9.096443134004404796e-27 1.144433010211342686e-27 1.369300702480510999e-28 1.558105904122203997e-29 1.686105725105367347e-30 1.735251067726433561e-31 1.698359109798294132e-32 1.580834543688364159e-33 1.399371411161536158e-34 1.178065029823215746e-35 9.431813815418775198e-37 7.181428839750799132e-38 5.200153831944572403e-39 3.581056791397264245e-40 2.345286551659555221e-41 1.460731199878617762e-42 8.652356102290450663e-44 4.874029489845094961e-45 2.611148714967682351e-46 1.330346433071543713e-47 6.445959600414877538e-49 2.970298504194685010e-50 1.301674212977372284e-51 5.424930684986868025e-53 2.150184729841468129e-54 8.104888424034229743e-56 2.905413801740732567e-57 9.905094823642577395e-59 3.211433750200120636e-60 9.902138226454791998e-62 2.903679571754839930e-63 8.097632843331880806e-65 2.147618622428947014e-66 5.416839009589517822e-68 1.299344711461021390e-69 2.964097774827900713e-71 6.430583103543367201e-73 1.326776810510415461e-74 2.603365090936266729e-76 4.858049875711905246e-78 8.621414963618690333e-80 1.455073114030988254e-81 2.335504835857755768e-83 3.565056467304693540e-85 5.175374036935159241e-87 7.145074476276340857e-89 9.381266311289446967e-91 1.171401718717806594e-92 1.391041018851633063e-94 1.570954851512296903e-96 1.687241148702109301e-98 1.723377032130918799e-100 1.674068136850803535e-102 1.546520380317336468e-104 1.358713380362224965e-106 1.135245383387741273e-108 9.020722523106063534e-111 6.816832005383286957e-113 4.899068884769070398e-115
1.025657367898464703e-16 4.126982564342842175e-16 1.579256421525560160e-15 5.747280006378181594e-15 1.989123502354762056e-14 6.547127954752104172e-14 2.049413516130911830e-13 6.100958221356888244e-13 1.727253945517344071e-12 4.650546844093085887e-12 1.190807443565559838e-11 2.899804674369360910e-11 6.715612641870918772e-11 1.479081884235564341e-10 3.098050446690892815e-10 6.171268471600740419e-10 1.169095752146454606e-09 2.106276646018936935e-09 3.608863283740835415e-09 5.880511920388534453e-09 9.112751491507120398e-09 1.342992560552211675e-08 1.882293637712712805e-08 2.508943198486133344e-08 3.180416306839956530e-08 3.834129712400934022e-08 4.395814110560234135e-08 4.792934827186281827e-08 4.969965980553125329e-08 4.901116161440607150e-08 4.596489403075636282e-08 4.099654123809171263e-08 3.477425707723866808e-08 2.805163570627582923e-08 2.152029437028635355e-08 1.570102165141187213e-08 1.089424918820212294e-08 7.188799725664869730e-09 4.511335770214185010e-09 2.692424952885600562e-09 1.528170279908536069e-09 8.248777306395284550e-10 4.234450850763440613e-10 2.067256190951699770e-10 9.598009899834077906e-11 4.237968978350860536e-11 1.779606735098708396e-11 7.106896578849848398e-12 2.699141408165784581e-12 9.749020142485503251e-13 3.348775124867703212e-13 1.093958103910862028e-13 3.398639355593096216e-14 1.004151316469673699e-14 2.821518676107837981e-15 7.539740245792789509e-16 1.916105980593032322e-16 4.630974144044269335e-17 1.064424527743490038e-17 2.326735833364264357e-18 4.836920737108837538e-19 9.562700420376369708e-20 1.797967419547212616e-20 3.214939262592889975e-21 5.467054645131463719e-22 8.841455076876231508e-23 1.359827319014218381e-23 1.988993971087286517e-24 2.766768732352840056e-25 3.660175745482408648e-26 4.604905329035930751e-27 5.509715331210710762e-28 6.269419107169750065e-29 6.784457604400847836e-30 6.982205876351909539e-31 6.833762086155323946e-32 6.360873331686147439e-33 5.630712161446897110e-34 4.740231962360107827e-35 3.795120318407794669e-36 2.889623039460716529e-37 2.092408719327837393e-38 1.440925537375077863e-39 9.436832425743276189e-41 5.877608236211140834e-42 3.481486497562315061e-43 1.961184636532007236e-44 1.050659368016598803e-45 5.352973327799845056e-47 2.593689053867713114e-48 1.195172044912252455e-49 5.237603657466423446e-51 2.182853168166908505e-52 8.651792662840111572e-54 3.261199525185407510e-55 1.169064102425681379e-56 3.985556474779893737e-58 1.292198692120162892e-59 3.984366815793796294e-61 1.168366292695224901e-62 3.258280065335516029e-64 8.641467303825210052e-66 2.179597285225288968e-67 5.228230339979936438e-69 1.192677030223717929e-70 2.587501945338571545e-72 5.338610080840319341e-74 1.047527437055022659e-75 1.954754849063367966e-77 3.469036575803267477e-79 5.854841547869040969e-81 9.397473306580681485e-83 1.434487416749123567e-84 2.082437964458559609e-86 2.874994974680731961e-88 3.774781297332821618e-90 4.713420505031856815e-92 5.597192796312759694e-94 6.321119980686245664e-96 6.789026258157316855e-98 6.934427798209025803e-100 6.736021432246093577e-102 6.222801926580945805e-104 5.467114658556397181e-106 4.567936671767487084e-108 3.629707710959371264e-110 2.742918611106405159e-112 1.971259847758243834e-114
3.924843294792494765e-16 1.579256421525560160e-15 6.043279335557095918e-15 2.199289363322913668e-14 7.611701807132331458e-14 2.505364077480249034e-13 7.842411265981232850e-13 2.334630034976005521e-12 6.609615724165268757e-12 1.779606735098714535e-11 4.556816688055997841e-11 1.109657014966555239e-10 2.569837459645711871e-10 5.659945316519923280e-10 1.185518956251231294e-09 2.361535385911103165e-09 4.473733400057509180e-09 8.060007201083018995e-09 1.380989724671420410e-08 2.250272703444300866e-08 3.487141291817136073e-08 5.139177576464675644e-08 7.202900104880558145e-08 9.600875689871157676e-08 1.217037580700661532e-07 1.467191555783885980e-07 1.682129147313314805e-07 1.834093792686710388e-07 1.901837617964825081e-07 1.875491124550057606e-07 1.758920783673652726e-07 1.568798753112825790e-07 1.330693016915005377e-07 1.073441070630893591e-07 8.235087633040938870e-08 6.008249097474099042e-08 4.168860110245578725e-08 2.750910126906556190e-08 1.726335373045908547e-08 1.030299820759562148e-08 5.847789977553193173e-09 3.156527639203498988e-09 1.620380894138191641e-09 7.910689138127750305e-10 3.672833246048037322e-10 1.621727162385636302e-10 6.809952114838417302e-11 2.719568567175151829e-11 1.032869980668341305e-11 3.730619750280912200e-12 1.281462797028928470e-12 4.186207073923659015e-13 1.300544148924605177e-13 3.842546921374298104e-14 1.079699615451892188e-14 2.885203175482542119e-15 7.332288486798938278e-16 1.772116925835706574e-16 4.073192082738792039e-17 8.903629828199308394e-18 1.850925710345380987e-18 3.659321504405099012e-19 6.880212234349032506e-20 1.230248346366090751e-20 2.092056610500819733e-21 3.383325344387571926e-22 5.203598494148349722e-23 7.611206134851801333e-24 1.058748666688431203e-24 1.400625265516630371e-25 1.762141273440361626e-26 2.108381409888027188e-27 2.399094309187965775e-28 2.596182094610862820e-29 2.671853659357109690e-30 2.615049249537404940e-31 2.434090742802935547e-32 2.154682797925309593e-33 1.813926191682358747e-34 1.452263982186726526e-35 1.105760848200530887e-36 8.006939343541399170e-38 5.513933902946220038e-39 3.611156086768880697e-40 2.249161561874933622e-41 1.332246943622673934e-42 7.504789232211528728e-44 4.020517479555756955e-45 2.048401554981901447e-46 9.925169369872146534e-48 4.573518538855491733e-49 2.004253490413425485e-50 8.353039610246036835e-52 3.310747963548483755e-53 1.247950581745476895e-54 4.473612287297815324e-56 1.525137448006463060e-57 4.944806648929034368e-59 1.524682205813425438e-60 4.470942005849699743e-62 1.246833403360712776e-63 3.306796798435811460e-65 8.340580449192840446e-67 2.000666639342332238e-68 4.563970962854647685e-70 9.901493401478810587e-72 2.042905226940495815e-73 4.008532640740043368e-75 7.480184613726551067e-77 1.327482780319619269e-78 2.240449521491810107e-80 3.596094685196609888e-82 5.489297396291353877e-84 7.968784642354111859e-86 1.100163183350232128e-87 1.444480927826934042e-89 1.803666355229006788e-91 2.141856072392008093e-93 2.418878482061627912e-95 2.597930363635541537e-97 2.653570607384168778e-99 2.577647212353201462e-101 2.381255493382387637e-103 2.092079575605538789e-105 1.747994620655662699e-107 1.388966180841202593e-109 1.049622033235216576e-111 7.543343652491213761e-114
1.428341407314853159e-15 5.747280006378181594e-15 2.199289363322913668e-14 8.003723533291528571e-14 2.770074638568521644e-13 9.117600330724571718e-13 2.854035155812670716e-12 8.496259593705490530e-12 2.405392296245481471e-11 6.476401215433159151e-11 1.658331166935870660e-10 4.038298967240459060e-10 9.352233905875809319e-10 2.059785232559338616e-09 4.314378147573504111e-09 8.594174399297669133e-09 1.628095233526366741e-08 2.933223357945908961e-08 5.025741561304316069e-08 8.189263720017519122e-08 1.269051507576981545e-07 1.870265786597870786e-07 2.621302227837683641e-07 3.493981100473591655e-07 4.429081724306020364e-07 5.339449996307739520e-07 6.121657689484546170e-07 6.674692241775389774e-07 6.921227717122945953e-07 6.825346723525594829e-07 6.401120245593386459e-07 5.709222128149759365e-07 4.842700188836239703e-07 3.906500755148109303e-07 2.996939183468896683e-07 2.186541048089930951e-07 1.517144779937446795e-07 1.001119929367807872e-07 6.282534386800686796e-08 3.749499751728947450e-08 2.128146256769620389e-08 1.148733539601489686e-08 5.896941490097888065e-09 2.878883055375869579e-09 1.336629111907096470e-09 5.901840872159174156e-10 2.478299350285098461e-10 9.897140096477571188e-11 3.758853159101913378e-11 1.357658959618286256e-11 4.663540012816449238e-12 1.523457741921290027e-12 4.732981473208804943e-13 1.398391850352653409e-13 3.929277049756443811e-14 1.049992281099688108e-14 2.668389657739575894e-15 6.449144064256071989e-16 1.482328968252586870e-16 3.240237177340112944e-17 6.735947489821348188e-18 1.331711876077799113e-18 2.503868635589572039e-19 4.477158761285566080e-20 7.613478701658751717e-21 1.231270479057954243e-21 1.893710051072549717e-22 2.769894251941682584e-23 3.853031693206543247e-24 5.097199843680685640e-25 6.412840353990349238e-26 7.672888428823584814e-27 8.730860022903830302e-28 9.448108136144330794e-29 9.723494492146818609e-30 9.516770084140097263e-31 8.858220152942471936e-32 7.841389907182153363e-33 6.601297669210083367e-34 5.285125097507622006e-35 4.024119913699418439e-36 2.913910735089125989e-37 2.006648296309002503e-38 1.314183364684311751e-39 8.185220018412895019e-41 4.848355288145402390e-42 2.731166675561527343e-43 1.463159459767997831e-44 7.454607840447473133e-46 3.611999083991699495e-47 1.664409357396956548e-48 7.293942805082543673e-50 3.039864640732445682e-51 1.204857888668811084e-52 4.541581297155875263e-54 1.628051157787108127e-55 5.550328523241859519e-57 1.799529702804236614e-58 5.548671791429063593e-60 1.627079380502012635e-61 4.537515626181232402e-63 1.203419968142135132e-64 3.035330463366358447e-66 7.280889423018827233e-68 1.660934773288211863e-69 3.603382850559055401e-71 7.434605429293313535e-73 1.458797899253418586e-74 2.722212484845198151e-76 4.831017394105170215e-78 8.153514885018103275e-80 1.308702171703584088e-81 1.997682500748881307e-83 2.900025355343729362e-85 4.003748714419791959e-87 5.256800759483236630e-89 6.563959747316373658e-91 7.794710481219153823e-93 8.802859211667416998e-95 9.454470492171235297e-97 9.656958230126789728e-99 9.380655405372885507e-101 8.665940439218860375e-103 7.613562276995472101e-105 6.361357406953755271e-107 5.054769733323452199e-109 3.819817759575257503e-111 2.745197522345461517e-113
4.943464490199570022e-15 1.989123502354762056e-14 7.611701807132331458e-14 2.770074638568521644e-13 9.587179606246121302e-13 3.155585439163367395e-12 9.877765479798338255e-12 2.940540502845079513e-11 8.325020433205144098e-11 2.241471070489088761e-10 5.739455003373458440e-10 1.397648170327273744e-09 3.236791706868605546e-09 7.128880464045835788e-09 1.493198689094731066e-08 2.974428644855855938e-08 5.634808969608386876e-08 1.015183445468318711e-07 1.739400315498343525e-07 2.834289770881265112e-07 4.392164948669132595e-07 6.472956994688416250e-07 9.072280909195961537e-07 1.209260713941636902e-06 1.532897395270451845e-06 1.847974253127923805e-06 2.118694960052588114e-06 2.310099245967864560e-06 2.395424740398939741e-06 2.362240497142657989e-06 2.215416459225644165e-06 1.975951737633036383e-06 1.676050018405551211e-06 1.352033040918178984e-06 1.037235380623565762e-06 7.567580112318097758e-07 5.250811401044242800e-07 3.464858468651772867e-07 2.174374102056739414e-07 1.297695269755511696e-07 7.365476766559039876e-08 3.975746577561375883e-08 2.040921078657600878e-08 9.963763623181675291e-09 4.626049848755236817e-09 2.042616746172373423e-09 8.577350465005769029e-10 3.425382781098785771e-10 1.300932467597285699e-10 4.698833781827675035e-11 1.614042996577581062e-11 5.272660451443057906e-12 1.638076563891321686e-12 4.839809600282076995e-13 1.359915876425010120e-13 3.634004818468289334e-14 9.235249675950640101e-15 2.232037418404379279e-15 5.130314489115370312e-16 1.121440388409494960e-16 2.331299579585778717e-17 4.609031382030418315e-18 8.665845311752578054e-19 1.549536773215055729e-19 2.635011588671537104e-20 4.261405473427049814e-21 6.554097181716481106e-22 9.586555291303231682e-23 1.333527492617275795e-23 1.764131901353751247e-24 2.219472768129467229e-25 2.655573190758284768e-26 3.021735298794293023e-27 3.269973609348696722e-28 3.365284342833837048e-29 3.293737388792933178e-30 3.065814415809916594e-31 2.713891256071331697e-32 2.284697513483485360e-33 1.829172501195468371e-34 1.392740824833700881e-35 1.008499380663073496e-36 6.944974462213041084e-38 4.548365512374852966e-39 2.832890252867650690e-40 1.678007238330731512e-41 9.452519830560903345e-43 5.063969157388103777e-44 2.580026663015576214e-45 1.250106530476748153e-46 5.760491513660984240e-48 2.524420776840522322e-49 1.052091805888651920e-50 4.169991962613600717e-52 1.571833299578618260e-53 5.634656424250000925e-55 1.920958940423657892e-56 6.228140652727794845e-58 1.920385548456975197e-59 5.631293120157040620e-61 1.570426178004691316e-62 4.165015344959821139e-64 1.050522535076580126e-65 2.519903024265469770e-67 5.748466039168884834e-69 1.247124467239229040e-70 2.573103863693822880e-72 5.048873873154683027e-74 9.421529533970908356e-76 1.672006623695873602e-77 2.821917161960186015e-79 4.529395199867358883e-81 6.913944001462743785e-83 1.003693675153664223e-84 1.385690388590225347e-86 1.819369497619816688e-88 2.271774924383031453e-90 2.697735588841701556e-92 3.046654091399067650e-94 3.272175609580056685e-96 3.342256259567366497e-98 3.246628337859263774e-100 2.999266745056405113e-102 2.635040513948665175e-104 2.201654610704190070e-106 1.749446914781795037e-108 1.322032208601542327e-110 9.501080344517283389e-113
1.627123429932585362e-14 6.547127954752104172e-14 2.505364077480249034e-13 9.117600330724571718e-13 3.155585439163367395e-12 1.038649516628678585e-11 3.251230726835930445e-11 9.678682548100629383e-11 2.740150319354019786e-10 7.377720834324498394e-10 1.889120823978194999e-09 4.600308324759721499e-09 1.065378265485381313e-08 2.346445181356886493e-08 4.914809396097378542e-08 9.790224139978009533e-08 1.854676961030209505e-07 3.341439537142310909e-07 5.725173131091365304e-07 9.328962112627571532e-07 1.445665182844204804e-06 2.130550347409968147e-06 2.986108398178644604e-06 3.980237836141530791e-06 5.045476249444022233e-06 6.082540313858360121e-06 6.973607714217597106e-06 7.603607987952119872e-06 7.884453762073943698e-06 7.775229027449223135e-06 7.291963025143137389e-06 6.503773568299510145e-06 5.516657922987359718e-06 4.450167778654678519e-06 3.414022682904946028e-06 2.490841581456882689e-06 1.728285552315420178e-06 1.140445613986000024e-06 7.156873593224328059e-07 4.271316973183390183e-07 2.424319997291715217e-07 1.308602584412059673e-07 6.717617800857315394e-08 3.279536704214172021e-08 1.522647550491834100e-08 6.723199029058979614e-09 2.823203835290543627e-09 1.127452334423154257e-09 4.281972092616572512e-10 1.546604118412892607e-10 5.312564056759226453e-11 1.735477088109025829e-11 5.391669672989659095e-12 1.593005798391749140e-12 4.476113846180597221e-13 1.196119522318845490e-13 3.039748977424122317e-14 7.346670310208677243e-15 1.688624430237434713e-15 3.691180415822352076e-16 7.673388118102711305e-17 1.517045983816402566e-17 2.852331593536909876e-18 5.100244159210226056e-19 8.673045194460886419e-20 1.402626175226392859e-20 2.157257346051146754e-21 3.155379948161408866e-22 4.389257436760156418e-23 5.806576250066938791e-24 7.305314218965890075e-25 8.740722962913810793e-26 9.945932277798245537e-27 1.076299968489849490e-27 1.107671151166529689e-28 1.084121730412914588e-29 1.009101709475010437e-30 8.932674762400421077e-32 7.519999105622422475e-33 6.020655028440149590e-34 4.584155974829431998e-35 3.319439179956852112e-36 2.285913187027685601e-37 1.497078032572998164e-38 9.324355649781383267e-40 5.523100041473505584e-41 3.111262661782995393e-42 1.666787104626195849e-43 8.492064303417197537e-45 4.114680361683620890e-46 1.896044915137483704e-47 8.309039543318348461e-49 3.462922068511513667e-50 1.372537749274949528e-51 5.173632368075054957e-53 1.854626751278071565e-54 6.322766768322882205e-56 2.049969935266978221e-57 6.320879469434878092e-59 1.853519731918977825e-60 5.169000878385505917e-62 1.370899713601317752e-63 3.457756870478244445e-65 8.294169524366905207e-67 1.892086773769028372e-68 4.104865008558444496e-70 8.469278160218482012e-72 1.661818546501345295e-73 3.101062317918463607e-75 5.503349235766838638e-77 9.288238118544508951e-79 1.490834022928490255e-80 2.275699623275279043e-82 3.303621374352669351e-84 4.560949719326337383e-86 5.988388797271142006e-88 7.477464871701201813e-90 8.879498968930802486e-92 1.002795158100804998e-93 1.077024748889560064e-95 1.100091540975418236e-97 1.068615956944120603e-99 9.871977847062278744e-102 8.673140400962775300e-104 7.246666399238705838e-106 5.758241148708677871e-108 4.351421125823139795e-110 3.127246179047991265e-112
5.093300104661524213e-14 2.049413516130911830e-13 7.842411265981232850e-13 2.854035155812670716e-12 9.877765479798338255e-12 3.251230726835930445e-11 1.017715896449117079e-10 3.029667813047760003e-10 8.577350465005800048e-10 2.309409698512252904e-09 5.913416962402777017e-09 1.440010661818359291e-08 3.334898343468392235e-08 7.344955685557691897e-08 1.538457301458149616e-07 3.064583099198294597e-07 5.805599124167121028e-07 1.045953492597183937e-06 1.792121259602352549e-06 2.920196638468773329e-06 4.525290762601178090e-06 6.669151281227239684e-06 9.347260285966141124e-06 1.245913211896729860e-05 1.579359269039906795e-05 1.903986055837582247e-05 2.182912263894099187e-05 2.380117982963723608e-05 2.468029679422277799e-05 2.433839627084406326e-05 2.282565376167442725e-05 2.035842517336690198e-05 1.726850825182779883e-05 1.393012945165579244e-05 1.068673818364039822e-05 7.796952249685926386e-06 5.409962650994334216e-06 3.569877772159117421e-06 2.240279031746771589e-06 1.337028204889087179e-06 7.588723183987598277e-07 4.096250817568514599e-07 2.102781068649484479e-07 1.026576369778370109e-07 4.766264676432051846e-08 2.104528131574190171e-08 8.837328579529955451e-09 3.529205582858721942e-09 1.340363521677342243e-09 4.841254678822152265e-10 1.662964380485493585e-10 5.432473942600375569e-11 1.687726401363194438e-11 4.986503451684171816e-12 1.401134708150138677e-12 3.744150920662863124e-13 9.515168609857948210e-14 2.299690113948493932e-14 5.285813497024386648e-15 1.155431066407266055e-15 2.401960895287460837e-16 4.748730382715040017e-17 8.928505690863738453e-18 1.596502983856673800e-18 2.714878366573087710e-19 4.390567988672819289e-20 6.752750814287829305e-21 9.877122241969764543e-22 1.373946496668846086e-22 1.817602455851562661e-23 2.286744631142450717e-24 2.736063187515558908e-25 3.113323610217125232e-26 3.369085984081511006e-27 3.467285570585621470e-28 3.393570039862746191e-29 3.158738758187594366e-30 2.796148864018620063e-31 2.353946328048890917e-32 1.884614425824822793e-33 1.434954575471319652e-34 1.039066834861586815e-35 7.155475522356442922e-37 4.686225740297059621e-38 2.918754701289039199e-39 1.728867368129447302e-40 9.739024187947056539e-42 5.217457248951799830e-43 2.658226856654545851e-44 1.287997058568581184e-45 5.935091085937269806e-47 2.600935565003419058e-48 1.083980539491995099e-49 4.296383749033491426e-51 1.619475314352070583e-52 5.805441955183471447e-54 1.979182897279284432e-55 6.416914595275063510e-57 1.978592125894215140e-58 5.801976709883898763e-60 1.618025543149287979e-61 4.291256290898128161e-63 1.082363704333780708e-64 2.596280880073693287e-66 5.922701121245374520e-68 1.284924609473460988e-69 2.651094228397594111e-71 5.201904429078604425e-73 9.707094580446302302e-75 1.722684875829112936e-76 2.907449017759106489e-78 4.666680440665372358e-80 7.123504533326175060e-82 1.034115469190305069e-83 1.427690441638074518e-85 1.874514294785754414e-87 2.340632057348962158e-89 2.779503521110812943e-91 3.138997687422178614e-93 3.371354726586077130e-95 3.443559509815075147e-97 3.345033121163854912e-99 3.090174038225216353e-101 2.714908168570679634e-103 2.268386408228314664e-105 1.802472369695944013e-107 1.362102792441423983e-109 9.789056563279120526e-112
1.516239202229780504e-13 6.100958221356888244e-13 2.334630034976005521e-12 8.496259593705490530e-12 2.940540502845079513e-11 9.678682548100629383e-11 3.029667813047760003e-10 9.019105517997097942e-10 2.553416205419118776e-09 6.874948357527885807e-09 1.760382155632181902e-08 4.286809283198428197e-08 9.927755089848528152e-08 2.186541048089923274e-07 4.579877924908772695e-07 9.123045840637932694e-07 1.728285552315413826e-06 3.113729127670177371e-06 5.335017480064806962e-06 8.693217620170527228e-06 1.347146862495783270e-05 1.985358885282051633e-05 2.782612881195871326e-05 3.708994984852539842e-05 4.701640172216831927e-05 5.668031019255356123e-05 6.498374494986395959e-05 7.085441889431936082e-05 7.347148754854986041e-05 7.245367401673925086e-05 6.795034719886084644e-05 6.060558323525668727e-05 5.140712040801651526e-05 4.146900424619650579e-05 3.181365920922553836e-05 2.321097209266673793e-05 1.610507389212968829e-05 1.062727213022941061e-05 6.669151281227286271e-06 3.980237836141544344e-06 2.259108897962074931e-06 1.219424723487003211e-06 6.259829628093080542e-07 3.056044811724579587e-07 1.418883082109212213e-07 6.265030510116112152e-08 2.630809840363697220e-08 1.050619391651618180e-08 3.990166836911756825e-09 1.441207072265444425e-09 4.950526640470634738e-10 1.617208840555818372e-10 5.024241414800997000e-11 1.484446598498662359e-11 4.171078335159697115e-12 1.114607089375713392e-12 2.832597994547531074e-13 6.846013845831931888e-14 1.573549069399724686e-14 3.439636075552396628e-15 7.150466685292325044e-16 1.413663247626493931e-16 2.657952617680877426e-17 4.752675791447740386e-18 8.081999733171473119e-19 1.307040851252429429e-19 2.010245871461897180e-20 2.940349015520162428e-21 4.090140964026336720e-22 5.410873188306676932e-23 6.807476064591877656e-24 8.145065437813136674e-25 9.268142874044250013e-26 1.002952926349655895e-26 1.032186244559994999e-27 1.010241655551210267e-28 9.403340538255912508e-30 8.323936221655515541e-31 7.007530734868672631e-32 5.610363055002592168e-33 4.271757673884759337e-34 3.093228037578329041e-35 2.130134151659914533e-36 1.395056060300401070e-37 8.688925075780472800e-39 5.146715145676416910e-40 2.899238207407926862e-41 1.553199900704543142e-42 7.913352218909830433e-44 3.834275602120830058e-45 1.766834387996601458e-46 7.742800119950705076e-48 3.226932940644401246e-49 1.279002873234464506e-50 4.821062784846781169e-52 1.728238764227223748e-53 5.891886665957556442e-55 1.910269818542897445e-56 5.890127981577618695e-58 1.727207185356802872e-59 4.816746919127664644e-61 1.277476465429547786e-62 3.222119737416390901e-64 7.728943454096527790e-66 1.763145983662660953e-67 3.825129139769945497e-69 7.892118892076752874e-71 1.548569936886860491e-72 2.889732990434722357e-74 5.128310305983762143e-76 8.655268860313539508e-78 1.389237563665189869e-79 2.120616615699804460e-81 3.078488174265453004e-83 4.250132864307645001e-85 5.580295683525547007e-87 6.967895098307799225e-89 8.274384220138431567e-91 9.344572775168241376e-93 1.003628314851126175e-94 1.025123165079980964e-96 9.957925601956862485e-99 9.199228245321150898e-101 8.082088451597945430e-103 6.752824941167624487e-105 5.365831998329970725e-107 4.054883099223273141e-109 2.914132489563055441e-111
4.292653792041528379e-13 1.727253945517344071e-12 6.609615724165268757e-12 2.405392296245481471e-11 8.325020433205144098e-11 2.740150319354019786e-10 8.577350465005800048e-10 2.553416205419118776e-09 7.229025433937817208e-09 1.946379772639551680e-08 4.983851574806817340e-08 1.213646771447334674e-07 2.810665722811152738e-07 6.190358162310070930e-07 1.296617994874104175e-06 2.582842948869226493e-06 4.892982267551886582e-06 8.815338059870271510e-06 1.510406997967681616e-05 2.461153459651273053e-05 3.813933236408289249e-05 5.620787495097213308e-05 7.877908524382584536e-05 1.050060660809729729e-04 1.331090337487708837e-04 1.604687097684485866e-04 1.839767226502683761e-04 2.005972998866602675e-04 2.080065329853000465e-04 2.051249816374037108e-04 1.923755269912377037e-04 1.715816253208090453e-04 1.455396813595675391e-04 1.174036907025203527e-04 9.006825878289268991e-05 6.571302682586637009e-05 4.559538258375827295e-05 3.008707329410741500e-05 1.888116168936799431e-05 1.126852742984998237e-05 6.395806389394495449e-06 3.452336646940478593e-06 1.772232333199849616e-06 8.652026890220346144e-07 4.017027019168606042e-07 1.773704764852134392e-07 7.448136033397423781e-08 2.974428644855866857e-08 1.129663761374756853e-08 4.080228894477410679e-09 1.401553061322195650e-09 4.578510865387148618e-10 1.422422592006631437e-10 4.202645143825232373e-11 1.180881961500160010e-11 3.155585439163389609e-12 8.019422334379755084e-13 1.938188067717929860e-13 4.454904852604199084e-14 9.738019450525512037e-15 2.024382293133387418e-15 4.002249045974735444e-16 7.524980469160425908e-17 1.345539129215197214e-17 2.288110395170987611e-18 3.700388341253078269e-19 5.691245517446416901e-20 8.324478309778882472e-21 1.157967627627090286e-21 1.531882652544716184e-22 1.927277562796680927e-23 2.305965047377542383e-24 2.623921647385246279e-25 2.839479203678811282e-26 2.922242209730206643e-27 2.860114464263119154e-28 2.662197716563486036e-29 2.356605496946251544e-30 1.983915422952017150e-31 1.588360610078499172e-32 1.209385481559708520e-33 8.757297031782845161e-35 6.030663519471691765e-36 3.949569882214029493e-37 2.459938189202742430e-38 1.457096364093155529e-39 8.208088714998895647e-41 4.397293932087240103e-42 2.240364274997503960e-43 1.085529095869005215e-44 5.002118613203825189e-46 2.192078944209301876e-47 9.135831538948380566e-49 3.621009485672113859e-50 1.364900301654819134e-51 4.892849804900969469e-53 1.668063297776997376e-54 5.408201402741528950e-56 1.667565393280062767e-57 4.889929282239845215e-59 1.363678428660270077e-60 3.616688043354556403e-62 9.122204787273706289e-64 2.188155957048961879e-65 4.991676301181164755e-67 1.082939623427168898e-68 2.234352867245174688e-70 4.384185953010077453e-72 8.181178313510659414e-74 1.451885734742471442e-75 2.450409713699907696e-77 3.933097025155446908e-79 6.003718241464121686e-81 8.715566722969588615e-83 1.203263240379270545e-84 1.579848179058522349e-86 1.972694102112142522e-88 2.342576735066019000e-90 2.645559862806830160e-92 2.841391308976980789e-94 2.902245790386355789e-96 2.819207354172412234e-98 2.604411095100318479e-100 2.288135512414280828e-102 1.911805178765094750e-104 1.519130955143185109e-106 1.147985706118674515e-108 8.250256201948792058e-111
1.155776056970222175e-12 4.650546844093085887e-12 1.779606735098714535e-11 6.476401215433159151e-11 2.241471070489088761e-10 7.377720834324498394e-10 2.309409698512252904e-09 6.874948357527885807e-09 1.946379772639551680e-08 5.240532425788916896e-08 1.341877682363844913e-07 3.267684625903476461e-07 7.567580112318097758e-07 1.666723685318563915e-06 3.491080590497647547e-06 6.954178426296303705e-06 1.317411565428574406e-05 2.373486695476280796e-05 4.066697034286311451e-05 6.626535423071115976e-05 1.026882886687968368e-04 1.513369566442813855e-04 2.121088373901390783e-04 2.827237016831555053e-04 3.583895688454872349e-04 4.320541595670388023e-04 4.953483355057733926e-04 5.400984275315041548e-04 5.600474255890580677e-04 5.522889893951050781e-04 5.179617057767854811e-04 4.619751416466165222e-04 3.918584800999401919e-04 3.161037001527603461e-04 2.425043854858780217e-04 1.769291135874660791e-04 1.227633395369685451e-04 8.100797460560995287e-05 5.083660519935972847e-05 3.033995945556750110e-05 1.722039616515112071e-05 9.295247719562803790e-06 4.771648955008591458e-06 2.329515961086494005e-06 1.081564895255503862e-06 4.775613405280343437e-07 2.005374230835390911e-07 8.008503777463609562e-08 3.041564475207590001e-08 1.098581691339306603e-08 3.773613129138753448e-09 1.232741677095701726e-09 3.829803320693426183e-10 1.131541668275396663e-10 3.179466976210138430e-11 8.496259593705490530e-12 2.159190275719934272e-12 5.218476660584351773e-13 1.199461362168612180e-13 2.621914151123506826e-14 5.450550400537438427e-15 1.077585998187283186e-15 2.026064219655583536e-16 3.622798354124635019e-17 6.160625427902450510e-18 9.963114785173604368e-19 1.532340044659257945e-19 2.241325106405707583e-20 3.117771251991635834e-21 4.124519184802907475e-22 5.189100659238073513e-23 6.208698206480923004e-24 7.064780814693760422e-25 7.645159001550997808e-26 7.867994351036844492e-27 7.700718432309069988e-28 7.167837260552824674e-29 6.345045142341936739e-30 5.341595330033396191e-31 4.276583325603547372e-32 3.256211311113825441e-33 2.357859432287801422e-34 1.623726683100233092e-35 1.063402390767388886e-36 6.623263366774068683e-38 3.923160757663449912e-39 2.209987776762110484e-40 1.183949903341694963e-41 6.032071332503450982e-43 2.922734045023556555e-44 1.346795993188290547e-45 5.902065438873284943e-47 2.459777998590520126e-48 9.749391095459172161e-50 3.674927364812761026e-51 1.317375900507103951e-52 4.491178917470018042e-54 1.456131799901980914e-55 4.489838333942686507e-57 1.316589564052040989e-58 3.671637531483088089e-60 9.737755823191441309e-62 2.456109062290808069e-63 5.891502987645177697e-65 1.343984451703743898e-66 2.915762017011363226e-68 6.015885910884353196e-70 1.180420644028787322e-71 2.202742282662115573e-73 3.909131392760013748e-75 6.597608412102200783e-77 1.058967154500824808e-78 1.616471798667835090e-80 2.346623750559626186e-82 3.239727475905716859e-84 4.253664021051803513e-86 5.311382472014382937e-88 6.307273386510414921e-90 7.123040652340416990e-92 7.650307251629026688e-94 7.814154969100890135e-96 7.590578037361486424e-98 7.012249606071386581e-100 6.160693054852546458e-102 5.147442021308380239e-104 4.090185862675274649e-106 3.090895416107949316e-108 2.221341166567062952e-110
2.959451388997651565e-12 1.190807443565559838e-11 4.556816688055997841e-11 1.658331166935870660e-10 5.739455003373458440e-10 1.889120823978194999e-09 5.913416962402777017e-09 1.760382155632181902e-08 4.983851574806817340e-08 1.341877682363844913e-07 3.435978576461315964e-07 8.367151877403420554e-07 1.937735717891569053e-06 4.267771161934006213e-06 8.939174021076972844e-06 1.780669609733085768e-05 3.373331246720583391e-05 6.077490925108936242e-05 1.041308315237171855e-04 1.696774158261974449e-04 2.629410747020622871e-04 3.875096424143474865e-04 5.431206068400993474e-04 7.239352698152738425e-04 9.176834049516667926e-04 1.106307121471914725e-03 1.268376612155414345e-03 1.382962583377634995e-03 1.434043491010643899e-03 1.414177432502013989e-03 1.326279844926907172e-03 1.182922043057766000e-03 1.003383065628044284e-03 8.094072626289789459e-04 6.209506903487396496e-04 4.530402821573933556e-04 3.143447500228254061e-04 2.074270024202752886e-04 1.301709452811811933e-04 7.768774462095029767e-05 4.409411757814192653e-05 2.380117982963727674e-05 1.221816548504013265e-05 5.964900557640843593e-06 2.769428136403650274e-06 1.222831675767862670e-06 5.134911315314418656e-07 2.050637533549302238e-07 7.788154250638653934e-08 2.813000920683767418e-08 9.662619803567356819e-09 3.156527639203510155e-09 9.806499008748715960e-10 2.897397416818620380e-10 8.141263960497169648e-11 2.175531073189906207e-11 5.528768849339638675e-12 1.336230138051392145e-12 3.071310893586334336e-13 6.713608081409648089e-14 1.395654361966741814e-14 2.759239871657888882e-15 5.187889585441206997e-16 9.276447246431228859e-17 1.577474405162375079e-17 2.551130360583749004e-18 3.923671758239583870e-19 5.739081251376518616e-20 7.983287425482048309e-21 1.056114111103005524e-21 1.328708192302205631e-22 1.589783801128751259e-23 1.808990181871200715e-24 1.957600375072567913e-25 2.014659039731381702e-26 1.971826784551906214e-27 1.835378558754732231e-28 1.624696457978305199e-29 1.367755597946091246e-30 1.095051276308591050e-31 8.337773593274935474e-33 6.037476144156777140e-34 4.157674108815102548e-35 2.722921679715223335e-36 1.695936323675022736e-37 1.004554773695869688e-38 5.658839665489733681e-40 3.031592638398516803e-41 1.544557163634863639e-42 7.483880010363121040e-44 3.448572280676929020e-45 1.511268178267749647e-46 6.298446286936779961e-48 2.496404804835092105e-49 9.409927493022025067e-51 3.373239924010865100e-52 1.150000089151004735e-53 3.728534824540465716e-55 1.149656822671473474e-56 3.371226450466344047e-58 9.401503627725189964e-60 2.493425505993690340e-61 6.289051700015859268e-63 1.508563583310147482e-64 3.441373117567827679e-66 7.466027609060757907e-68 1.540412764881897876e-69 3.022555704891607854e-71 5.640287033733011805e-73 1.000962449456238758e-74 1.689367179870673616e-76 2.711564924182512789e-78 4.139097432407079120e-80 6.008706337327804404e-82 8.295565495340581402e-84 1.089182616261390891e-85 1.360019368761336657e-87 1.615024716243753754e-89 1.823908050813563484e-91 1.958918623166762611e-93 2.000873061669955146e-95 1.943624509306111586e-97 1.795539171410722478e-99 1.577491721550792931e-101 1.318041185217106870e-103 1.047322806139830381e-105 7.914469829411786365e-108 5.687910872689130558e-110
7.206732723880405676e-12 2.899804674369360910e-11 1.109657014966555239e-10 4.038298967240459060e-10 1.397648170327273744e-09 4.600308324759721499e-09 1.440010661818359291e-08 4.286809283198428197e-08 1.213646771447334674e-07 3.267684625903476461e-07 8.367151877403420554e-07 2.037533965407828409e-06 4.718693288991951423e-06 1.039269852685776696e-05 2.176830414639000110e-05 4.336212446195717514e-05 8.214595710072982717e-05 1.479965269640853343e-04 2.535750625594915741e-04 4.131913738080644533e-04 6.403031502907867044e-04 9.436473365262978627e-04 1.322584673929728342e-03 1.762897007987682379e-03 2.234704394609821933e-03 2.694033010514820543e-03 3.088697881981758084e-03 3.367732865146154820e-03 3.492122963247752242e-03 3.443745965240305879e-03 3.229701422024400422e-03 2.880602475579524015e-03 2.443396637813411050e-03 1.971034843897340877e-03 1.512113250681932286e-03 1.103224820248029526e-03 7.654792388182413403e-04 5.051175943339043795e-04 3.169868626813533317e-04 1.891819590231200220e-04 1.073761580482168444e-04 5.795964150075322578e-05 2.975316754793805269e-05 1.452547732436401368e-05 6.743996016037005267e-06 2.977788750413838014e-06 1.250432210100737924e-06 4.993627086692092548e-07 1.896538875595999126e-07 6.850102644958015463e-08 2.353000917523745093e-08 7.686644597661646909e-09 2.388037782130519051e-09 7.055621476163379835e-10 1.982526680991890651e-10 5.297762631028286697e-11 1.346342755871453912e-11 3.253931961285525157e-12 7.479128329090673390e-13 1.634869869310134061e-13 3.398639355593144810e-14 6.719185978198337307e-15 1.263333257720470614e-15 2.258961785307407265e-16 3.841399949677120633e-17 6.212406367225620873e-18 9.554761995076314510e-19 1.397557155798124403e-19 1.944056893357219193e-20 2.571805082838593366e-21 3.235614832381313606e-22 3.871375277892331335e-23 4.405177523556201793e-24 4.767066874544741344e-25 4.906013757506304206e-26 4.801710434198779788e-27 4.469437399533065285e-28 3.956393125298364245e-29 3.330701447786655382e-30 2.666623245321495830e-31 2.030379888054584895e-32 1.470221036895580342e-33 1.012459477003826359e-34 6.630745430291867531e-36 4.129873478200899383e-37 2.446249932483700043e-38 1.378017059110737368e-39 7.382408088825296696e-41 3.761241254529105439e-42 1.822443280291403663e-43 8.397819541222078630e-45 3.680177304270618859e-46 1.533771398794446827e-47 6.079140973878523381e-49 2.291466338843031257e-50 8.214373324814979260e-52 2.800432305041866404e-53 9.079572664055392198e-55 2.799596396812304766e-56 8.209470197925902399e-58 2.289414994262038705e-59 6.071885909465531941e-61 1.531483668127808563e-62 3.673591187310423850e-64 8.380288439155174545e-66 1.818095937904073060e-67 3.751148987352545008e-69 7.360401724852034246e-71 1.373499199520552112e-72 2.437502054161155904e-74 4.113876572896588855e-76 6.603089932371120664e-78 1.007935762160327473e-79 1.463215133399225867e-81 2.020101547895788283e-83 2.652332128878559153e-85 3.311862504787752685e-87 3.932840902776837065e-89 4.441504896486752417e-91 4.770277017382176270e-93 4.872442718091793890e-95 4.733033428501994395e-97 4.372422183287704652e-99 3.841442117824912286e-101 3.209638981143578795e-103 2.550396863261423922e-105 1.927298719074589593e-107 1.385096358369582218e-109
